0 0.000000 0.000000
1200 200.000000 170.000000
2400 200.000000 154.000000
3600 200.000000 166.000000
4800 200.000000 161.000000
6000 200.000000 169.000000
7200 200.000000 162.000000
8400 200.000000 154.000000
9600 200.000000 153.000000
10800 200.000000 166.000000
12000 200.000000 155.000000
13200 200.000000 162.000000
14400 200.000000 167.000000
15600 200.000000 156.000000
16800 200.000000 170.000000
18000 200.000000 153.000000
19200 200.000000 153.000000
20400 200.000000 155.000000
21600 200.000000 146.000000
22800 200.000000 158.000000
