0 0 0 0 0 0 0 0 
0 1 0 0 0 0 0 0 
0 2 0 0 0 0 0 0 
0 3 0 0 0 0 0 0 
0 4 0 0 0 0 0 0 
0 5 0 0 0 0 0 0 
0 6 0 0 0 0 0 0 
0 7 0 0 0 0 0 0 
0 8 0 0 0 0 0 0 
0 9 0 0 0 0 0 0 
0 10 0 0 0 0 0 0 
0 11 0 0 0 0 0 0 
0 12 0 0 0 0 0 0 
0 13 0 0 0 0 0 0 
0 14 0 0 0 0 0 0 
0 15 0 0 0 0 0 0 
0 16 0 0 0 0 0 0 
0 17 0 0 0 0 0 0 
0 18 0 0 0 0 0 0 
0 19 0 0 0 0 0 0 
0 20 0 0 0 0 0 0 
0 21 0 0 0 0 0 0 
0 22 0 0 0 0 0 0 
0 23 0 0 0 0 0 0 
0 24 0 0 0 0 0 0 
0 25 0 0 0 0 0 0 
0 26 0 0 0 0 0 0 
0 27 0 0 0 0 0 0 
0 28 0 0 0 0 0 0 
0 29 0 0 0 0 0 0 
0 30 0 0 0 0 0 0 
0 31 0 0 0 0 0 0 
0 32 0 0 0 0 0 0 
0 33 0 0 0 0 0 0 
0 34 0 0 0 0 0 0 
0 35 0 0 0 0 0 0 
0 36 0 0 0 0 0 0 
1200 0 200 7 0 0 193 0 
1200 1 200 8 0 0 192 0 
1200 2 200 7 0 0 193 0 
1200 3 200 13 0 0 187 0 
1200 4 200 11 0 0 189 0 
1200 5 200 13 0 0 187 0 
1200 6 200 5 0 0 195 0 
1200 7 200 12 0 0 188 0 
1200 8 200 9 0 0 191 0 
1200 9 200 14 0 0 186 0 
1200 10 200 6 0 0 194 0 
1200 11 200 9 0 0 191 0 
1200 12 200 14 0 0 186 0 
1200 13 200 10 0 0 190 0 
1200 14 200 9 0 0 191 0 
1200 15 200 8 0 0 192 0 
1200 16 200 16 0 0 184 0 
1200 17 200 6 0 0 194 0 
1200 18 200 5 0 0 195 0 
1200 19 200 17 0 0 183 0 
1200 20 200 12 0 0 188 0 
1200 21 200 5 0 0 195 0 
1200 22 200 7 0 0 193 0 
1200 23 200 15 0 0 185 0 
1200 24 200 11 0 0 189 0 
1200 25 200 15 0 0 185 0 
1200 26 200 11 0 0 189 0 
1200 27 200 10 0 0 190 0 
1200 28 200 12 0 0 188 0 
1200 29 200 8 0 0 192 0 
1200 30 200 6 0 0 194 0 
1200 31 200 12 0 0 188 0 
1200 32 200 12 0 0 188 0 
1200 33 200 6 0 0 194 0 
1200 34 200 13 0 0 187 0 
1200 35 200 9 0 0 191 0 
1200 36 200 11 0 0 189 0 
2400 0 200 7 0 0 193 0 
2400 1 200 11 0 0 189 0 
2400 2 200 4 0 0 196 0 
2400 3 200 8 0 0 192 0 
2400 4 200 8 0 0 192 0 
2400 5 200 9 0 0 191 0 
2400 6 200 8 0 0 192 0 
2400 7 200 4 0 0 196 0 
2400 8 200 8 0 0 192 0 
2400 9 200 10 0 0 190 0 
2400 10 200 15 0 0 185 0 
2400 11 200 13 0 0 187 0 
2400 12 200 5 0 0 195 0 
2400 13 200 8 0 0 192 0 
2400 14 200 7 0 0 193 0 
2400 15 200 6 0 0 194 0 
2400 16 200 9 0 0 191 0 
2400 17 200 5 0 0 195 0 
2400 18 200 10 0 0 190 0 
2400 19 200 9 0 0 191 0 
2400 20 200 11 0 0 189 0 
2400 21 200 7 0 0 193 0 
2400 22 200 13 0 0 187 0 
2400 23 200 8 0 0 192 0 
2400 24 200 5 0 0 195 0 
2400 25 200 7 0 0 193 0 
2400 26 200 6 0 0 194 0 
2400 27 200 10 0 0 190 0 
2400 28 200 6 0 0 194 0 
2400 29 200 8 0 0 192 0 
2400 30 200 10 1 0 189 0 
2400 31 200 8 0 0 192 0 
2400 32 200 8 0 0 192 0 
2400 33 200 8 0 0 192 0 
2400 34 200 10 0 0 190 0 
2400 35 200 8 0 0 192 0 
2400 36 200 3 0 0 197 0 
3600 0 200 12 0 0 188 0 
3600 1 200 8 0 0 192 0 
3600 2 200 6 0 0 194 0 
3600 3 200 6 0 0 194 0 
3600 4 200 5 0 0 195 0 
3600 5 200 11 0 0 189 0 
3600 6 200 7 0 0 193 0 
3600 7 200 8 0 0 192 0 
3600 8 200 14 0 0 186 0 
3600 9 200 8 0 0 192 0 
3600 10 200 10 0 0 190 0 
3600 11 200 5 0 0 195 0 
3600 12 200 14 0 0 186 0 
3600 13 200 6 0 0 194 0 
3600 14 200 8 0 0 192 0 
3600 15 200 4 0 0 196 0 
3600 16 200 9 0 0 191 0 
3600 17 200 11 0 0 189 0 
3600 18 200 12 0 0 188 0 
3600 19 200 14 0 0 186 0 
3600 20 200 7 0 0 193 0 
3600 21 200 10 0 0 190 0 
3600 22 200 8 0 0 192 0 
3600 23 200 7 0 0 193 0 
3600 24 200 6 0 0 194 0 
3600 25 200 9 0 0 191 0 
3600 26 200 9 0 0 191 0 
3600 27 200 10 0 0 190 0 
3600 28 200 13 0 0 187 0 
3600 29 200 9 0 0 191 0 
3600 30 200 4 0 0 196 0 
3600 31 200 4 0 0 196 0 
3600 32 200 7 0 0 193 0 
3600 33 200 11 0 0 189 0 
3600 34 200 12 0 0 188 0 
3600 35 200 10 0 0 190 0 
3600 36 200 15 0 0 185 0 
4800 0 200 5 0 0 195 0 
4800 1 200 6 0 0 194 0 
4800 2 200 6 0 0 194 0 
4800 3 200 10 0 0 190 0 
4800 4 200 7 1 0 192 0 
4800 5 200 5 0 0 195 0 
4800 6 200 13 0 0 186 1 
4800 7 200 8 0 0 191 1 
4800 8 200 16 0 0 184 0 
4800 9 200 2 1 0 197 0 
4800 10 200 4 0 0 196 0 
4800 11 200 10 0 0 189 1 
4800 12 200 6 0 0 192 2 
4800 13 200 8 0 0 192 0 
4800 14 200 10 0 0 190 0 
4800 15 200 12 0 0 188 0 
4800 16 200 8 0 0 192 0 
4800 17 200 10 0 0 190 0 
4800 18 200 9 0 0 191 0 
4800 19 200 11 0 0 189 0 
4800 20 200 10 0 0 190 0 
4800 21 200 6 0 0 194 0 
4800 22 200 12 0 0 188 0 
4800 23 200 7 0 0 193 0 
4800 24 200 7 0 0 193 0 
4800 25 200 11 0 0 188 1 
4800 26 200 10 0 0 190 0 
4800 27 200 7 0 0 193 0 
4800 28 200 9 0 0 190 1 
4800 29 200 15 0 0 185 0 
4800 30 200 11 0 0 187 2 
4800 31 200 7 0 0 193 0 
4800 32 200 10 0 0 187 3 
4800 33 200 8 0 0 192 0 
4800 34 200 12 0 0 188 0 
4800 35 200 8 0 0 191 1 
4800 36 200 10 0 0 189 1 
6000 0 200 13 0 0 185 2 
6000 1 200 8 0 0 192 0 
6000 2 200 6 0 0 194 0 
6000 3 200 7 0 0 193 0 
6000 4 200 8 0 0 192 0 
6000 5 200 8 0 0 192 0 
6000 6 200 6 0 0 194 0 
6000 7 200 6 0 0 193 1 
6000 8 200 10 0 0 190 0 
6000 9 200 12 0 0 187 1 
6000 10 200 7 0 0 192 1 
6000 11 200 9 2 0 189 0 
6000 12 200 15 1 0 184 0 
6000 13 200 8 0 0 192 0 
6000 14 200 13 0 0 185 2 
6000 15 200 13 0 0 185 2 
6000 16 200 17 0 0 182 1 
6000 17 200 12 0 0 187 1 
6000 18 200 10 0 0 190 0 
6000 19 200 10 0 0 190 0 
6000 20 200 6 0 0 194 0 
6000 21 200 5 0 0 194 1 
6000 22 200 9 0 0 190 1 
6000 23 200 11 0 0 189 0 
6000 24 200 10 0 0 190 0 
6000 25 200 16 0 0 183 1 
6000 26 200 4 0 0 195 1 
6000 27 200 10 0 0 190 0 
6000 28 200 10 0 0 190 0 
6000 29 200 11 0 0 188 1 
6000 30 200 6 0 0 194 0 
6000 31 200 5 0 0 195 0 
6000 32 200 8 0 0 191 1 
6000 33 200 10 0 0 187 3 
6000 34 200 10 0 0 188 2 
6000 35 200 8 0 0 192 0 
6000 36 200 10 0 0 190 0 
7200 0 200 9 0 0 190 1 
7200 1 200 11 0 0 189 0 
7200 2 200 10 0 0 190 0 
7200 3 200 6 0 0 193 1 
7200 4 200 6 0 0 194 0 
7200 5 200 9 0 0 190 1 
7200 6 200 8 0 0 190 2 
7200 7 200 8 0 0 191 1 
7200 8 200 8 0 0 190 2 
7200 9 200 13 0 0 186 1 
7200 10 200 8 2 0 189 1 
7200 11 200 3 0 0 197 0 
7200 12 200 7 0 0 191 2 
7200 13 200 11 0 0 187 2 
7200 14 200 13 0 0 186 1 
7200 15 200 10 0 0 189 1 
7200 16 200 8 0 0 191 1 
7200 17 200 8 0 0 191 1 
7200 18 200 7 0 0 191 2 
7200 19 200 12 0 0 188 0 
7200 20 200 10 0 0 190 0 
7200 21 200 10 0 0 189 1 
7200 22 200 5 0 0 194 1 
7200 23 200 13 0 0 186 1 
7200 24 200 10 0 0 190 0 
7200 25 200 11 0 0 189 0 
7200 26 200 7 0 0 191 2 
7200 27 200 7 0 0 193 0 
7200 28 200 7 0 0 193 0 
7200 29 200 10 0 0 190 0 
7200 30 200 14 0 0 186 0 
7200 31 200 9 0 0 190 1 
7200 32 200 11 0 0 189 0 
7200 33 200 12 0 0 188 0 
7200 34 200 7 1 0 190 2 
7200 35 200 9 0 0 191 0 
7200 36 200 8 0 0 192 0 
8400 0 200 6 0 0 193 1 
8400 1 200 7 0 0 193 0 
8400 2 200 8 0 0 192 0 
8400 3 200 7 0 0 193 0 
8400 4 200 5 0 0 195 0 
8400 5 200 9 0 0 191 0 
8400 6 200 4 0 0 196 0 
8400 7 200 11 0 0 187 2 
8400 8 200 10 0 0 190 0 
8400 9 200 9 0 0 191 0 
8400 10 200 12 0 0 188 0 
8400 11 200 4 0 0 196 0 
8400 12 200 6 0 0 194 0 
8400 13 200 11 0 0 186 3 
8400 14 200 7 0 0 193 0 
8400 15 200 12 0 0 188 0 
8400 16 200 7 0 0 192 1 
8400 17 200 6 1 0 193 0 
8400 18 200 8 0 0 192 0 
8400 19 200 8 0 0 192 0 
8400 20 200 11 0 0 189 0 
8400 21 200 7 0 0 192 1 
8400 22 200 10 0 0 189 1 
8400 23 200 10 0 0 187 3 
8400 24 200 11 0 0 188 1 
8400 25 200 6 0 0 194 0 
8400 26 200 8 0 0 190 2 
8400 27 200 9 0 0 191 0 
8400 28 200 9 0 0 188 3 
8400 29 200 7 0 0 191 2 
8400 30 200 9 0 0 191 0 
8400 31 200 8 0 0 192 0 
8400 32 200 9 0 0 190 1 
8400 33 200 10 0 0 190 0 
8400 34 200 9 0 0 189 2 
8400 35 200 4 0 0 196 0 
8400 36 200 10 0 0 188 2 
9600 0 200 9 1 0 189 1 
9600 1 200 8 0 0 192 0 
9600 2 200 8 0 0 190 2 
9600 3 200 9 0 0 191 0 
9600 4 200 8 0 0 192 0 
9600 5 200 7 0 0 192 1 
9600 6 200 5 0 0 195 0 
9600 7 200 12 0 0 187 1 
9600 8 200 11 0 0 188 1 
9600 9 200 8 0 0 191 1 
9600 10 200 12 0 0 187 1 
9600 11 200 7 0 0 192 1 
9600 12 200 4 0 0 196 0 
9600 13 200 8 0 0 192 0 
9600 14 200 4 0 0 195 1 
9600 15 200 5 0 0 194 1 
9600 16 200 6 0 0 194 0 
9600 17 200 8 0 0 190 2 
9600 18 200 10 0 0 190 0 
9600 19 200 10 0 0 190 0 
9600 20 200 7 0 0 193 0 
9600 21 200 10 0 0 190 0 
9600 22 200 7 0 0 192 1 
9600 23 200 9 0 0 191 0 
9600 24 200 7 0 0 193 0 
9600 25 200 9 0 0 191 0 
9600 26 200 9 0 0 190 1 
9600 27 200 8 0 0 192 0 
9600 28 200 5 0 0 195 0 
9600 29 200 13 0 0 185 2 
9600 30 200 10 0 0 190 0 
9600 31 200 8 0 0 192 0 
9600 32 200 11 0 0 189 0 
9600 33 200 13 0 0 185 2 
9600 34 200 12 0 0 185 3 
9600 35 200 7 0 0 191 2 
9600 36 200 2 0 0 198 0 
10800 0 200 10 0 0 190 0 
10800 1 200 12 0 0 187 1 
10800 2 200 7 0 0 191 2 
10800 3 200 9 0 0 191 0 
10800 4 200 8 0 0 191 1 
10800 5 200 5 0 0 195 0 
10800 6 200 7 0 0 192 1 
10800 7 200 10 0 0 190 0 
10800 8 200 8 0 0 188 4 
10800 9 200 13 0 0 185 2 
10800 10 200 7 0 0 193 0 
10800 11 200 10 0 0 189 1 
10800 12 200 8 0 0 191 1 
10800 13 200 8 0 0 191 1 
10800 14 200 10 0 0 190 0 
10800 15 200 4 0 0 196 0 
10800 16 200 15 0 0 183 2 
10800 17 200 10 0 0 188 2 
10800 18 200 13 0 0 187 0 
10800 19 200 7 0 0 193 0 
10800 20 200 8 0 0 191 1 
10800 21 200 6 0 0 194 0 
10800 22 200 4 0 0 195 1 
10800 23 200 8 0 0 191 1 
10800 24 200 7 0 0 192 1 
10800 25 200 10 0 0 189 1 
10800 26 200 10 0 0 189 1 
10800 27 200 5 0 0 195 0 
10800 28 200 10 0 0 190 0 
10800 29 200 13 0 0 185 2 
10800 30 200 8 0 0 192 0 
10800 31 200 13 1 0 185 1 
10800 32 200 11 0 0 188 1 
10800 33 200 8 0 0 192 0 
10800 34 200 6 0 0 194 0 
10800 35 200 13 0 0 184 3 
10800 36 200 7 0 0 192 1 
12000 0 200 8 0 0 192 0 
12000 1 200 12 1 0 187 0 
12000 2 200 3 0 0 196 1 
12000 3 200 4 0 0 196 0 
12000 4 200 10 0 0 188 2 
12000 5 200 10 0 0 190 0 
12000 6 200 10 0 0 190 0 
12000 7 200 9 0 0 190 1 
12000 8 200 10 0 0 185 5 
12000 9 200 13 0 0 185 2 
12000 10 200 13 0 0 186 1 
12000 11 200 5 0 0 195 0 
12000 12 200 15 0 0 183 2 
12000 13 200 12 0 0 188 0 
12000 14 200 5 0 0 195 0 
12000 15 200 6 0 0 192 2 
12000 16 200 5 0 0 194 1 
12000 17 200 12 0 0 187 1 
12000 18 200 5 0 0 195 0 
12000 19 200 6 0 0 193 1 
12000 20 200 11 0 0 189 0 
12000 21 200 3 0 0 197 0 
12000 22 200 7 0 0 193 0 
12000 23 200 9 0 0 191 0 
12000 24 200 5 0 0 195 0 
12000 25 200 8 0 0 192 0 
12000 26 200 4 0 0 195 1 
12000 27 200 6 0 0 194 0 
12000 28 200 4 0 0 195 1 
12000 29 200 10 0 0 187 3 
12000 30 200 12 0 0 188 0 
12000 31 200 11 0 0 189 0 
12000 32 200 15 0 0 185 0 
12000 33 200 7 0 0 193 0 
12000 34 200 9 0 0 191 0 
12000 35 200 5 0 0 195 0 
12000 36 200 7 0 0 192 1 
13200 0 200 9 0 0 190 1 
13200 1 200 3 0 0 197 0 
13200 2 200 9 0 0 191 0 
13200 3 200 7 0 0 192 1 
13200 4 200 9 0 0 190 1 
13200 5 200 12 0 0 186 2 
13200 6 200 5 0 0 194 1 
13200 7 200 12 0 0 187 1 
13200 8 200 9 0 0 191 0 
13200 9 200 7 0 0 191 2 
13200 10 200 9 0 0 191 0 
13200 11 200 8 0 0 192 0 
13200 12 200 10 0 0 190 0 
13200 13 200 8 0 0 191 1 
13200 14 200 11 0 0 187 2 
13200 15 200 11 0 0 188 1 
13200 16 200 4 0 0 196 0 
13200 17 200 9 0 0 191 0 
13200 18 200 9 0 0 191 0 
13200 19 200 10 0 0 189 1 
13200 20 200 13 0 0 187 0 
13200 21 200 11 0 0 189 0 
13200 22 200 8 0 0 191 1 
13200 23 200 13 0 0 187 0 
13200 24 200 9 0 0 189 2 
13200 25 200 7 0 0 193 0 
13200 26 200 7 0 0 191 2 
13200 27 200 6 0 0 194 0 
13200 28 200 8 0 0 192 0 
13200 29 200 6 0 0 194 0 
13200 30 200 13 0 0 187 0 
13200 31 200 7 0 0 193 0 
13200 32 200 5 0 0 195 0 
13200 33 200 8 0 0 192 0 
13200 34 200 7 0 0 193 0 
13200 35 200 11 0 0 188 1 
13200 36 200 9 0 0 190 1 
14400 0 200 9 0 0 191 0 
14400 1 200 15 0 0 185 0 
14400 2 200 11 0 0 189 0 
14400 3 200 13 0 0 187 0 
14400 4 200 16 0 0 181 3 
14400 5 200 4 0 0 195 1 
14400 6 200 11 0 0 189 0 
14400 7 200 10 0 0 190 0 
14400 8 200 8 0 0 191 1 
14400 9 200 11 0 0 186 3 
14400 10 200 7 0 0 193 0 
14400 11 200 5 0 0 195 0 
14400 12 200 9 0 0 189 2 
14400 13 200 8 0 0 192 0 
14400 14 200 7 0 0 193 0 
14400 15 200 5 0 0 195 0 
14400 16 200 10 0 0 188 2 
14400 17 200 16 0 0 183 1 
14400 18 200 8 0 0 190 2 
14400 19 200 11 0 0 187 2 
14400 20 200 9 0 0 191 0 
14400 21 200 7 0 0 193 0 
14400 22 200 7 0 0 193 0 
14400 23 200 9 0 0 191 0 
14400 24 200 14 0 0 186 0 
14400 25 200 6 0 0 193 1 
14400 26 200 6 0 0 192 2 
14400 27 200 8 0 0 192 0 
14400 28 200 8 0 0 192 0 
14400 29 200 5 0 0 195 0 
14400 30 200 8 0 0 191 1 
14400 31 200 12 0 0 188 0 
14400 32 200 6 0 0 194 0 
14400 33 200 5 0 0 195 0 
14400 34 200 5 0 0 194 1 
14400 35 200 7 0 0 193 0 
14400 36 200 7 0 0 192 1 
15600 0 200 8 0 0 191 1 
15600 1 200 6 0 0 194 0 
15600 2 200 5 0 0 195 0 
15600 3 200 11 0 0 188 1 
15600 4 200 8 0 0 192 0 
15600 5 200 9 0 0 191 0 
15600 6 200 7 0 0 192 1 
15600 7 200 9 0 0 191 0 
15600 8 200 8 0 0 190 2 
15600 9 200 6 0 0 194 0 
15600 10 200 8 0 0 192 0 
15600 11 200 7 0 0 193 0 
15600 12 200 7 0 0 189 4 
15600 13 200 6 0 0 193 1 
15600 14 200 10 0 0 188 2 
15600 15 200 7 0 0 193 0 
15600 16 200 7 0 0 192 1 
15600 17 200 11 0 0 189 0 
15600 18 200 8 0 0 192 0 
15600 19 200 13 0 0 187 0 
15600 20 200 13 0 0 183 4 
15600 21 200 12 0 0 188 0 
15600 22 200 9 0 0 190 1 
15600 23 200 11 0 0 189 0 
15600 24 200 7 0 0 192 1 
15600 25 200 5 0 0 195 0 
15600 26 200 8 0 0 192 0 
15600 27 200 10 0 0 190 0 
15600 28 200 4 0 0 196 0 
15600 29 200 6 0 0 194 0 
15600 30 200 10 0 0 189 1 
15600 31 200 5 0 0 194 1 
15600 32 200 4 0 0 196 0 
15600 33 200 6 0 0 194 0 
15600 34 200 10 0 0 188 2 
15600 35 200 6 0 0 193 1 
15600 36 200 4 0 0 196 0 
16800 0 200 11 0 0 187 2 
16800 1 200 12 0 0 188 0 
16800 2 200 10 0 0 190 0 
16800 3 200 12 0 0 187 1 
16800 4 200 9 0 0 191 0 
16800 5 200 10 0 0 188 2 
16800 6 200 7 0 0 191 2 
16800 7 200 11 0 0 186 3 
16800 8 200 11 0 0 188 1 
16800 9 200 9 0 0 191 0 
16800 10 200 8 0 0 192 0 
16800 11 200 9 0 0 191 0 
16800 12 200 10 0 0 189 1 
16800 13 200 12 0 0 188 0 
16800 14 200 7 0 0 193 0 
16800 15 200 5 0 0 194 1 
16800 16 200 10 0 0 190 0 
16800 17 200 14 0 0 184 2 
16800 18 200 8 0 0 190 2 
16800 19 200 13 0 0 187 0 
16800 20 200 3 0 0 197 0 
16800 21 200 10 0 0 187 3 
16800 22 200 4 1 0 195 0 
16800 23 200 9 0 0 191 0 
16800 24 200 3 0 0 197 0 
16800 25 200 6 0 0 193 1 
16800 26 200 5 0 0 194 1 
16800 27 200 10 0 0 189 1 
16800 28 200 6 0 0 194 0 
16800 29 200 9 0 0 191 0 
16800 30 200 8 0 0 192 0 
16800 31 200 9 0 0 191 0 
16800 32 200 10 0 0 189 1 
16800 33 200 7 0 0 193 0 
16800 34 200 7 0 0 193 0 
16800 35 200 10 0 0 189 1 
16800 36 200 8 0 0 191 1 
18000 0 200 5 0 0 194 1 
18000 1 200 7 0 0 193 0 
18000 2 200 8 0 0 192 0 
18000 3 200 7 0 0 193 0 
18000 4 200 8 0 0 192 0 
18000 5 200 6 0 0 193 1 
18000 6 200 10 0 0 188 2 
18000 7 200 2 0 0 198 0 
18000 8 200 9 0 0 191 0 
18000 9 200 10 0 0 190 0 
18000 10 200 10 0 0 189 1 
18000 11 200 7 0 0 193 0 
18000 12 200 10 0 0 190 0 
18000 13 200 9 0 0 189 2 
18000 14 200 9 0 0 190 1 
18000 15 200 6 0 0 193 1 
18000 16 200 8 0 0 192 0 
18000 17 200 8 0 0 191 1 
18000 18 200 6 0 0 194 0 
18000 19 200 4 0 0 196 0 
18000 20 200 6 0 0 194 0 
18000 21 200 1 0 0 199 0 
18000 22 200 11 0 0 189 0 
18000 23 200 4 1 0 194 1 
18000 24 200 6 0 0 194 0 
18000 25 200 9 0 0 190 1 
18000 26 200 6 0 0 193 1 
18000 27 200 9 0 0 190 1 
18000 28 200 2 0 0 198 0 
18000 29 200 10 0 0 190 0 
18000 30 200 13 0 0 186 1 
18000 31 200 11 0 0 188 1 
18000 32 200 7 0 0 193 0 
18000 33 200 5 0 0 195 0 
18000 34 200 10 0 0 189 1 
18000 35 200 8 0 0 190 2 
18000 36 200 7 1 0 190 2 
19200 0 200 14 0 0 185 1 
19200 1 200 8 0 0 191 1 
19200 2 200 4 0 0 196 0 
19200 3 200 6 0 0 194 0 
19200 4 200 9 0 0 191 0 
19200 5 200 5 0 0 195 0 
19200 6 200 11 0 0 189 0 
19200 7 200 10 0 0 190 0 
19200 8 200 11 0 0 188 1 
19200 9 200 7 0 0 193 0 
19200 10 200 11 0 0 188 1 
19200 11 200 8 0 0 189 3 
19200 12 200 13 0 0 187 0 
19200 13 200 5 0 0 195 0 
19200 14 200 12 0 0 188 0 
19200 15 200 6 0 0 194 0 
19200 16 200 8 0 0 191 1 
19200 17 200 9 0 0 191 0 
19200 18 200 11 0 0 187 2 
19200 19 200 14 0 0 186 0 
19200 20 200 3 1 0 195 1 
19200 21 200 13 0 0 187 0 
19200 22 200 11 0 0 189 0 
19200 23 200 6 0 0 194 0 
19200 24 200 5 0 0 195 0 
19200 25 200 4 0 0 196 0 
19200 26 200 10 0 0 187 3 
19200 27 200 5 0 0 193 2 
19200 28 200 8 0 0 192 0 
19200 29 200 6 0 0 194 0 
19200 30 200 5 0 0 195 0 
19200 31 200 6 0 0 194 0 
19200 32 200 9 0 0 191 0 
19200 33 200 8 0 0 192 0 
19200 34 200 4 0 0 196 0 
19200 35 200 5 0 0 195 0 
19200 36 200 7 0 0 192 1 
20400 0 200 5 0 0 194 1 
20400 1 200 12 0 0 188 0 
20400 2 200 6 0 0 194 0 
20400 3 200 4 0 0 195 1 
20400 4 200 7 0 0 193 0 
20400 5 200 9 0 0 191 0 
20400 6 200 8 0 0 191 1 
20400 7 200 10 0 0 190 0 
20400 8 200 11 0 0 187 2 
20400 9 200 9 0 0 191 0 
20400 10 200 8 0 0 192 0 
20400 11 200 9 0 0 191 0 
20400 12 200 3 0 0 197 0 
20400 13 200 7 0 0 193 0 
20400 14 200 10 0 0 188 2 
20400 15 200 6 0 0 194 0 
20400 16 200 3 0 0 197 0 
20400 17 200 10 0 0 190 0 
20400 18 200 5 0 0 195 0 
20400 19 200 5 0 0 195 0 
20400 20 200 10 0 0 189 1 
20400 21 200 10 0 0 190 0 
20400 22 200 8 0 0 192 0 
20400 23 200 14 0 0 183 3 
20400 24 200 6 0 0 194 0 
20400 25 200 7 0 0 192 1 
20400 26 200 5 0 0 194 1 
20400 27 200 3 0 0 197 0 
20400 28 200 4 0 0 196 0 
20400 29 200 7 0 0 193 0 
20400 30 200 12 0 0 188 0 
20400 31 200 9 0 0 191 0 
20400 32 200 6 0 0 194 0 
20400 33 200 9 0 0 191 0 
20400 34 200 6 0 0 193 1 
20400 35 200 7 0 0 193 0 
20400 36 200 3 0 0 196 1 
21600 0 200 10 0 0 190 0 
21600 1 200 9 0 0 191 0 
21600 2 200 5 0 0 195 0 
21600 3 200 9 0 0 191 0 
21600 4 200 9 0 0 191 0 
21600 5 200 7 0 0 193 0 
21600 6 200 6 0 0 194 0 
21600 7 200 8 0 0 190 2 
21600 8 200 5 0 0 195 0 
21600 9 200 6 0 0 194 0 
21600 10 200 9 0 0 190 1 
21600 11 200 8 0 0 189 3 
21600 12 200 7 0 0 193 0 
21600 13 200 6 0 0 194 0 
21600 14 200 4 0 0 196 0 
21600 15 200 5 0 0 194 1 
21600 16 200 4 0 0 196 0 
21600 17 200 11 0 0 189 0 
21600 18 200 6 0 0 193 1 
21600 19 200 6 0 0 193 1 
21600 20 200 7 0 0 192 1 
21600 21 200 6 0 0 193 1 
21600 22 200 3 0 0 197 0 
21600 23 200 12 0 0 188 0 
21600 24 200 8 0 0 191 1 
21600 25 200 9 0 0 190 1 
21600 26 200 7 0 0 192 1 
21600 27 200 11 0 0 189 0 
21600 28 200 9 0 0 191 0 
21600 29 200 7 0 0 192 1 
21600 30 200 7 0 0 192 1 
21600 31 200 5 0 0 195 0 
21600 32 200 7 0 0 193 0 
21600 33 200 9 0 0 191 0 
21600 34 200 8 0 0 192 0 
21600 35 200 8 0 0 190 2 
21600 36 200 15 0 0 184 1 
22800 0 200 8 0 0 190 2 
22800 1 200 13 0 0 186 1 
22800 2 200 8 0 0 190 2 
22800 3 200 4 0 0 196 0 
22800 4 200 4 0 0 196 0 
22800 5 200 6 0 0 192 2 
22800 6 200 9 0 0 191 0 
22800 7 200 4 0 0 196 0 
22800 8 200 15 0 0 184 1 
22800 9 200 8 0 0 192 0 
22800 10 200 9 0 0 191 0 
22800 11 200 10 1 0 187 2 
22800 12 200 10 0 0 189 1 
22800 13 200 4 0 0 194 2 
22800 14 200 9 0 0 191 0 
22800 15 200 10 0 0 189 1 
22800 16 200 6 0 0 194 0 
22800 17 200 8 0 0 191 1 
22800 18 200 7 0 0 189 4 
22800 19 200 11 0 0 189 0 
22800 20 200 6 0 0 194 0 
22800 21 200 16 0 0 184 0 
22800 22 200 5 0 0 195 0 
22800 23 200 7 0 0 193 0 
22800 24 200 4 0 0 196 0 
22800 25 200 5 0 0 194 1 
22800 26 200 9 0 0 191 0 
22800 27 200 10 0 0 190 0 
22800 28 200 9 0 0 191 0 
22800 29 200 10 0 0 189 1 
22800 30 200 7 0 0 192 1 
22800 31 200 8 0 0 191 1 
22800 32 200 6 0 0 194 0 
22800 33 200 3 0 0 197 0 
22800 34 200 6 0 0 193 1 
22800 35 200 9 0 0 191 0 
22800 36 200 10 0 0 189 1 
